0.394059426849793 0.420896585629145 0.479854936244992 0.503309237411165 0.298038658557875 0.569073814702643
0.609540919260686 0.380466441679725 0.344745509666511 0.35731346927154 0.441906261807715 0.38730061811674
0.404835344867397 0.476028600105626 0.457551443048169 0.756368568853181 0.557000344407587 0.750847011288546
0.394059426849793 0.516458744055046 0.539253433828609 0.522775339829781 0.528226823757619 0.750847011288546
0.654908615345698 0.523809679318576 0.292701593564588 0.444910930155315 0.78718850960733 0.750847011288546
0.404835344867397 0.494405938264453 0.760691451008802 0.337847366852923 0.413132741157747 0.38730061811674
0.443308591452819 0.417221117997379 0.433524888752809 0.53250839103909 0.744028228632378 0.569073814702643
0.491815435565857 0.457651261946799 0.490466057396219 0.659038056760098 0.341198939532827 0.38730061811674
0.64029973822542 0.457651261946799 0.378137168883166 0.59090669829494 0.71525470798241 0.750847011288546
0.382666267521138 0.520134211686811 0.500760213410608 0.425444827736699 0.413132741157747 0.569073814702643
0.520159638254999 0.47235313247386 0.578485195773664 0.367046520480849 0.456293022132699 0.569073814702643
0.564569762244517 0.483379535369157 0.400323350482837 0.425444827736699 0.528226823757619 0.569073814702643
0.404835344867397 0.453975794315033 0.43971564751483 0.600639749504248 0.470679782457683 0.569073814702643
0.443308591452819 0.468677664842095 0.393149066927529 0.707703312806639 0.499453303107651 0.38730061811674
0.443308591452819 0.46500219721033 0.586729701465071 0.464377032573931 0.413132741157747 0.38730061811674
0.552444385034961 0.487055003000922 0.60277280872273 0.347580418062232 0.355585699857811 0.38730061811674
0.526867824585167 0.442949391419737 0.578485195773664 0.600639749504248 0.528226823757619 0.38730061811674
0.194846830246732 0.457651261946799 0.304480866726557 0.668771107969406 0.326812179207843 0.38730061811674
0.468638356162726 0.446624859051503 0.636957975651577 0.386512622899465 0.341198939532827 0.38730061811674
0.394059426849793 0.420896585629145 0.479854936244992 0.503309237411165 0.298038658557875 0.569073814702643
0.552444385034961 0.895031910126884 0.414097251677109 0.405978725318082 0.729641468307394 0.569073814702643
0.664395423432747 0.442949391419737 0.335481867150255 0.396245674108773 0.801575269932314 0.932620207874449
0.468638356162726 0.46500219721033 0.304480866726557 0.47411008378324 0.499453303107651 0.38730061811674
0.635322454543253 0.321658959571478 0.505796956810436 0.425444827736699 0.557000344407587 0.750847011288546
0.726080421188228 0.575266226163292 0.325742248212392 0.279449059597073 0.700867947657426 0.750847011288546
0.593272023452854 0.490730470632688 0.344745509666511 0.454643981364623 0.557000344407587 0.569073814702643
0.343331132906295 0.479704067737391 0.71507052222207 0.542241442248398 0.441906261807715 0.38730061811674
0.50631013113418 0.567915290899761 0.682506963739871 0.610372800713556 0.628934146032506 0.205527421530837
0.452029186579529 0.468677664842095 0.427198020560575 0.47411008378324 0.427519501482731 0.569073814702643
0.659676222320541 0.527485146950342 0.529991762510363 0.308648213224999 0.528226823757619 0.750847011288546
0.576309910635329 1.04572608302927 0.772296321659732 0.405978725318082 0.369972460182795 0.38730061811674
0.343331132906295 0.406194715102083 0.539253433828609 0.493576186201857 0.398745980832763 0.0237542249449341
0.434270574170285 0.505432341159749 0.315444746860007 0.620105851922865 0.657707666682474 0.38730061811674
0.654908615345698 0.435598456156206 0.590794692114103 0.620105851922865 0.485066542782667 0.569073814702643
0.404835344867397 0.461326729578564 0.529991762510363 0.542241442248398 0.355585699857811 0.569073814702643
0.570485704795544 0.505432341159749 0.699028336502543 0.47411008378324 0.456293022132699 0.38730061811674
0.659676222320541 0.531160614582107 0.393149066927529 0.113987189038832 0.600160625382538 0.38730061811674
0.67827669511313 0.453975794315033 0.353596808570228 0.386512622899465 0.729641468307394 0.750847011288546
0.721913818889862 0.490730470632688 0.38576048441174 0.444910930155315 0.614547385707522 0.750847011288546
0.673694318093838 0.527485146950342 0.557151836722365 0.24051685475984 0.369972460182795 0.569073814702643
0.564569762244517 0.498081405896218 0.66546071200405 0.659038056760098 0.672094427007458 0.569073814702643
0.424877722796215 0.545862485109169 0.803154376175469 0.464377032573931 0.369972460182795 0.38730061811674
0.614823859488062 0.395168312206787 0.265724012013043 0.493576186201857 0.614547385707522 0.750847011288546
0.513310180456712 0.527485146950342 0.433524888752809 0.396245674108773 0.470679782457683 0.569073814702643
0.609540919260686 0.431922988524441 0.292701593564588 0.53250839103909 0.686481187332442 0.932620207874449
0.659676222320541 0.509107808791515 0.315444746860007 0.376779571690157 0.384359220507779 0.38730061811674
0.62004116548373 0.468677664842095 0.505796956810436 0.425444827736699 0.815962030257298 0.750847011288546
0.552444385034961 0.439273923787972 0.490466057396219 0.707703312806639 0.600160625382538 0.38730061811674
0.62519522439372 0.479704067737391 0.55275102252348 0.386512622899465 0.64332090635749 0.569073814702643
0.382666267521138 0.42457205326091 0.370255216430781 0.522775339829781 0.355585699857811 0.38730061811674
0.520159638254999 0.439273923787972 0.370255216430781 0.308648213224999 0.427519501482731 0.38730061811674
0.520159638254999 0.413545650365614 0.427198020560575 0.435177878946007 0.470679782457683 0.569073814702643
0.64029973822542 0.457651261946799 0.378137168883166 0.59090669829494 0.71525470798241 0.750847011288546
0.394059426849793 0.362089103520898 0.724482448811646 0.805033824899723 0.873509071557234 0.38730061811674
0.526867824585167 0.56056435563623 0.543803479718675 0.561707544667015 0.326812179207843 0.38730061811674
0.713480202931925 0.593643564322119 0.711898447498314 0.347580418062232 0.312425418882859 0.38730061811674
0.194846830246732 0.792118816437452 0.292701593564588 0.736902466434564 0.557000344407587 0.38730061811674
0.404835344867397 0.358413635889133 0.414097251677109 0.727169415225256 0.744028228632378 0.38730061811674
0.734317092076905 0.505432341159749 0.400323350482837 0.29891516201569 0.916669352532186 0.569073814702643
0.194846830246732 0.538511549845638 0.490466057396219 0.551974493457707 0.326812179207843 0.569073814702643
0.194846830246732 0.46500219721033 0.433524888752809 0.503309237411165 0.441906261807715 0.569073814702643
0.635322454543253 0.413545650365614 0.479854936244992 0.405978725318082 0.441906261807715 0.569073814702643
0.582046519459956 0.47235313247386 0.868402807261093 0.337847366852923 0.369972460182795 0.38730061811674
0.593272023452854 0.608345434849181 0.565815193009784 0.367046520480849 0.571387104732571 0.38730061811674
0.604189803602638 0.534836082213873 0.353596808570228 0.386512622899465 0.355585699857811 0.38730061811674
0.194846830246732 0.358413635889133 0.505796956810436 0.882898234574189 1.01737667480707 0.750847011288546
0.533443136057564 0.439273923787972 0.78931141875129 0.551974493457707 0.355585699857811 0.38730061811674
0.654908615345698 0.483379535369157 0.614444949438795 0.522775339829781 0.326812179207843 0.38730061811674
0.452029186579529 0.380466441679725 0.606696359391544 1.06782620755105 0.887895831882218 0.205527421530837
0.734317092076905 0.446624859051503 0.479854936244992 0.24051685475984 0.441906261807715 0.38730061811674
0.382666267521138 0.347387232993836 0.534650165598119 0.668771107969406 0.64332090635749 0.569073814702643
0.558557606575644 0.476028600105626 0.65848357448893 0.59090669829494 0.369972460182795 0.569073814702643
0.682816042259133 0.531160614582107 0.500760213410608 0.211317701131915 0.427519501482731 0.750847011288546
0.370535826461109 0.395168312206787 0.529991762510363 0.688237210388023 0.542613584082602 0.569073814702643
0.64029973822542 0.402519247470318 0.539253433828609 0.318381264434307 0.384359220507779 0.38730061811674
0.64029973822542 0.483379535369157 0.38576048441174 0.191851598713299 0.341198939532827 0.569073814702643
0.74242988207872 0.494405938264453 0.51076421790233 0.250249905969149 0.441906261807715 0.569073814702643
0.539893169070957 0.487055003000922 0.699028336502543 0.444910930155315 0.413132741157747 0.569073814702643
0.309862276521473 0.47235313247386 0.529991762510363 0.756368568853181 0.614547385707522 0.205527421530837
0.533443136057564 1.04940155066103 0.689175783711145 0.29891516201569 0.341198939532827 0.38730061811674
0.309862276521473 0.531160614582107 0.724482448811646 0.53250839103909 0.456293022132699 0.38730061811674
0.659676222320541 0.527485146950342 0.757755854718141 0.269716008387765 0.326812179207843 0.38730061811674
0.288756548883935 0.446624859051503 0.414097251677109 0.542241442248398 0.470679782457683 0.38730061811674
0.67827669511313 0.402519247470318 0.265724012013043 0.211317701131915 0.571387104732571 0.750847011288546
0.558557606575644 0.47235313247386 0.463274193838766 0.542241442248398 0.513840063432635 0.38730061811674
0.558557606575644 0.759039607751563 0.520501304546679 0.493576186201857 0.369972460182795 0.569073814702643
0.309862276521473 0.531160614582107 0.724482448811646 0.53250839103909 0.456293022132699 0.38730061811674
0.343331132906295 0.490730470632688 0.433524888752809 0.405978725318082 0.427519501482731 0.569073814702643
0.520159638254999 0.46500219721033 0.463274193838766 0.571440595876323 0.528226823757619 0.569073814702643
0.194846830246732 0.332685362466775 0.525276194686163 1.17488977085344 0.801575269932314 0.569073814702643
0.520159638254999 0.490730470632688 0.304480866726557 0.551974493457707 0.542613584082602 0.569073814702643
0.288756548883935 0.46500219721033 0.468895632981363 0.542241442248398 0.557000344407587 0.569073814702643
0.59876780297357 0.428247520892676 0.265724012013043 0.41571177652739 0.600160625382538 0.750847011288546
0.513310180456712 0.545862485109169 0.66546071200405 0.376779571690157 0.355585699857811 0.38730061811674
0.669067663815045 0.373115506416194 0.420725650075599 0.503309237411165 0.93105611285717 0.750847011288546
0.520159638254999 0.501756873527984 0.427198020560575 0.328114315643615 0.470679782457683 0.38730061811674
0.614823859488062 0.362089103520898 0.614444949438795 0.513042288620473 0.628934146032506 0.38730061811674
0.261251029114419 0.453975794315033 0.69576376053685 0.561707544667015 0.557000344407587 0.38730061811674
0.59876780297357 0.453975794315033 0.71507052222207 0.503309237411165 0.326812179207843 0.38730061811674
0.614823859488062 0.450300326683268 0.414097251677109 0.522775339829781 0.470679782457683 0.569073814702643
0.576309910635329 0.439273923787972 0.43971564751483 0.425444827736699 0.341198939532827 0.38730061811674
0.64029973822542 0.442949391419737 0.495650987706209 0.571440595876323 0.355585699857811 0.38730061811674
0.382666267521138 0.417221117997379 0.463274193838766 0.513042288620473 0.398745980832763 0.38730061811674
0.533443136057564 0.487055003000922 0.699028336502543 0.47411008378324 0.413132741157747 0.569073814702643
0.194846830246732 0.47235313247386 0.565815193009784 0.571440595876323 0.64332090635749 0.569073814702643
0.669067663815045 1.7330385301694 0.594822893247215 0.221050752341223 0.298038658557875 0.38730061811674
0.609540919260686 0.42457205326091 0.205705775813695 0.376779571690157 0.64332090635749 0.750847011288546
0.288756548883935 0.46500219721033 0.468895632981363 0.542241442248398 0.557000344407587 0.569073814702643
0.552444385034961 0.501756873527984 0.633277995476364 0.571440595876323 0.585773865057554 0.38730061811674
0.194846830246732 0.637749175903304 0.578485195773664 0.639571954341481 0.470679782457683 0.38730061811674
0.614823859488062 0.47235313247386 0.145687539614347 0.454643981364623 0.71525470798241 0.569073814702643
0.64029973822542 0.428247520892676 0.292701593564588 0.435177878946007 0.772801749282346 0.750847011288546
0.526867824585167 0.450300326683268 0.598815286016399 0.551974493457707 0.513840063432635 0.569073814702643
0.700566142099701 0.442949391419737 0.606696359391544 0.405978725318082 0.456293022132699 0.38730061811674
0.570485704795544 0.409870182733848 0.561506077526109 0.483843134992548 0.441906261807715 0.750847011288546
0.738388623512323 0.498081405896218 0.362086367694006 0.405978725318082 0.93105611285717 0.932620207874449
0.576309910635329 0.406194715102083 0.636957975651577 0.64930500555079 0.470679782457683 0.569073814702643
0.533443136057564 0.47235313247386 0.427198020560575 0.435177878946007 0.441906261807715 0.38730061811674
0.687313549426072 0.409870182733848 0.315444746860007 0.444910930155315 0.528226823757619 0.38730061811674
0.730214597087299 0.476028600105626 0.230566143237177 0.454643981364623 0.585773865057554 0.38730061811674
0.539893169070957 0.490730470632688 0.654959161351327 0.571440595876323 0.585773865057554 0.38730061811674
0.614823859488062 0.483379535369157 0.279892395645728 0.620105851922865 0.758414988957362 0.569073814702643
0.357503234250865 0.406194715102083 0.445778720611088 0.688237210388023 0.64332090635749 0.205527421530837
0.382666267521138 0.461326729578564 0.420725650075599 0.503309237411165 0.369972460182795 0.569073814702643
0.614823859488062 0.365764571152663 0.265724012013043 0.464377032573931 0.729641468307394 0.205527421530837
0.194846830246732 0.409870182733848 0.427198020560575 0.620105851922865 0.772801749282346 0.569073814702643
0.194846830246732 0.509107808791515 0.582626894506395 0.756368568853181 0.427519501482731 0.38730061811674
0.468638356162726 0.450300326683268 0.279892395645728 0.785567722481106 0.64332090635749 0.38730061811674
0.327655227982106 0.501756873527984 0.614444949438795 0.53250839103909 0.355585699857811 0.205527421530837
0.558557606575644 0.453975794315033 0.565815193009784 0.639571954341481 0.470679782457683 0.38730061811674
0.513310180456712 0.483379535369157 0.353596808570228 0.405978725318082 0.341198939532827 0.569073814702643
0.533443136057564 0.450300326683268 0.689175783711145 0.483843134992548 0.413132741157747 0.38730061811674
0.327655227982106 0.490730470632688 0.520501304546679 0.522775339829781 0.369972460182795 0.38730061811674
0.659676222320541 0.917084715917476 0.335481867150255 0.347580418062232 0.211718096607971 0.0237542249449341
0.67827669511313 0.538511549845638 0.362086367694006 0.454643981364623 0.686481187332442 0.750847011288546
0.394059426849793 0.428247520892676 0.265724012013043 0.464377032573931 0.700867947657426 0.569073814702643
0.635322454543253 0.457651261946799 0.400323350482837 0.259982957178457 0.326812179207843 0.750847011288546
0.46046362571748 0.623047305376243 0.205705775813695 0.405978725318082 0.614547385707522 0.569073814702643
0.520159638254999 0.42457205326091 0.529991762510363 0.551974493457707 0.499453303107651 0.38730061811674
0.533443136057564 0.453975794315033 0.393149066927529 0.337847366852923 0.326812179207843 0.38730061811674
0.327655227982106 0.431922988524441 0.315444746860007 0.571440595876323 0.355585699857811 0.569073814702643
0.382666267521138 0.439273923787972 0.414097251677109 0.581173647085631 0.801575269932314 0.750847011288546
0.194846830246732 0.634073708271539 0.315444746860007 0.629838903132173 0.413132741157747 0.38730061811674
0.659676222320541 0.542187017477403 0.505796956810436 0.347580418062232 0.485066542782667 0.38730061811674
0.654908615345698 0.446624859051503 0.370255216430781 0.522775339829781 0.758414988957362 0.750847011288546
0.609540919260686 0.468677664842095 0.51076421790233 0.493576186201857 0.801575269932314 0.750847011288546
0.443308591452819 0.490730470632688 0.534650165598119 0.328114315643615 0.398745980832763 0.38730061811674
0.576309910635329 0.505432341159749 0.479854936244992 0.493576186201857 0.542613584082602 0.569073814702643
0.194846830246732 0.457651261946799 0.495650987706209 0.688237210388023 0.355585699857811 0.38730061811674
0.404835344867397 0.51278327642328 0.304480866726557 0.542241442248398 0.369972460182795 0.38730061811674
0.687313549426072 0.487055003000922 0.618271604032315 0.337847366852923 0.499453303107651 0.569073814702643
0.261251029114419 0.453975794315033 0.485201954105667 0.659038056760098 0.413132741157747 0.38730061811674
0.194846830246732 0.391492844575021 0.414097251677109 0.542241442248398 0.369972460182795 0.38730061811674
0.404835344867397 0.479704067737391 0.68585166540848 0.659038056760098 0.441906261807715 0.38730061811674
0.261251029114419 0.453975794315033 0.485201954105667 0.659038056760098 0.413132741157747 0.38730061811674
0.709211542912326 0.740662269592736 0.353596808570228 0.230783803550532 0.355585699857811 0.38730061811674
0.552444385034961 0.582617161426823 0.783690141836567 0.337847366852923 0.312425418882859 0.38730061811674
0.552444385034961 0.534836082213873 0.557151836722365 0.600639749504248 0.585773865057554 0.569073814702643
0.491815435565857 0.479704067737391 0.772296321659732 0.41571177652739 0.369972460182795 0.38730061811674
0.673694318093838 0.589968096690354 0.265724012013043 0.493576186201857 0.628934146032506 0.569073814702643
0.404835344867397 0.442949391419737 0.598815286016399 0.464377032573931 0.326812179207843 0.38730061811674
0.309862276521473 0.498081405896218 0.574303477839371 0.551974493457707 0.485066542782667 0.38730061811674
0.382666267521138 0.498081405896218 0.433524888752809 0.561707544667015 0.298038658557875 0.205527421530837
0.520159638254999 1.01264687434338 0.325742248212392 0.503309237411165 0.298038658557875 0.569073814702643
0.582046519459956 0.483379535369157 0.633277995476364 0.727169415225256 0.369972460182795 0.38730061811674
0.576309910635329 0.351062700625602 0.557151836722365 0.542241442248398 0.758414988957362 0.569073814702643
0.533443136057564 0.534836082213873 0.468895632981363 0.435177878946007 0.384359220507779 0.38730061811674
0.64029973822542 0.483379535369157 0.325742248212392 0.133453291457449 0.326812179207843 0.569073814702643
0.491815435565857 0.450300326683268 0.515664795275108 0.289182110806382 0.341198939532827 0.38730061811674
0.491815435565857 0.51278327642328 0.578485195773664 0.522775339829781 0.384359220507779 0.569073814702643
0.309862276521473 0.457651261946799 0.445778720611088 0.542241442248398 0.499453303107651 0.569073814702643
0.582046519459956 0.417221117997379 0.40730096597686 0.444910930155315 0.686481187332442 0.750847011288546
0.194846830246732 0.431922988524441 0.400323350482837 0.600639749504248 0.600160625382538 0.569073814702643
0.614823859488062 0.387817376943256 0.40730096597686 0.503309237411165 0.254878377582923 0.569073814702643
0.46046362571748 0.453975794315033 0.40730096597686 0.551974493457707 0.398745980832763 0.38730061811674
0.614823859488062 0.582617161426823 0.335481867150255 0.493576186201857 0.700867947657426 0.750847011288546
0.261251029114419 0.417221117997379 0.51076421790233 0.59090669829494 0.700867947657426 0.569073814702643
0.691770352658906 0.457651261946799 0.586729701465071 0.347580418062232 0.413132741157747 0.569073814702643
0.343331132906295 0.457651261946799 0.362086367694006 0.483843134992548 0.384359220507779 0.205527421530837
0.50631013113418 0.435598456156206 0.393149066927529 0.483843134992548 0.485066542782667 0.38730061811674
0.194846830246732 0.792118816437452 0.279892395645728 0.571440595876323 0.441906261807715 0.38730061811674
0.261251029114419 0.476028600105626 0.561506077526109 0.581173647085631 0.398745980832763 0.38730061811674
0.50631013113418 0.501756873527984 0.362086367694006 0.444910930155315 0.341198939532827 0.38730061811674
0.309862276521473 0.468677664842095 0.292701593564588 0.522775339829781 0.369972460182795 0.38730061811674
0.526867824585167 0.439273923787972 0.38576048441174 0.435177878946007 0.326812179207843 0.38730061811674
0.570485704795544 0.42457205326091 0.54830210770849 0.561707544667015 0.700867947657426 0.569073814702643
0.327655227982106 0.46500219721033 0.420725650075599 0.863432132155572 0.355585699857811 0.569073814702643
0.673694318093838 0.597319031953885 0.479854936244992 0.435177878946007 0.369972460182795 0.38730061811674
0.491815435565857 0.461326729578564 0.485201954105667 0.493576186201857 0.355585699857811 0.38730061811674
0.513310180456712 0.369440038784429 0.699028336502543 0.620105851922865 0.744028228632378 0.569073814702643
0.382666267521138 0.538511549845638 0.692479694045902 0.522775339829781 0.326812179207843 0.569073814702643
0.539893169070957 0.395168312206787 0.485201954105667 0.347580418062232 0.600160625382538 0.569073814702643
0.476575986158341 0.435598456156206 0.463274193838766 0.47411008378324 0.326812179207843 0.569073814702643
0.64029973822542 0.442949391419737 0.495650987706209 0.571440595876323 0.355585699857811 0.38730061811674
0.558557606575644 0.42457205326091 0.427198020560575 0.513042288620473 0.614547385707522 0.750847011288546
0.687313549426072 0.446624859051503 0.400323350482837 0.279449059597073 0.571387104732571 0.569073814702643
0.434270574170285 0.387817376943256 0.427198020560575 0.795300773690415 0.78718850960733 0.569073814702643
0.682816042259133 0.567915290899761 0.362086367694006 0.435177878946007 0.369972460182795 0.38730061811674
0.659676222320541 0.494405938264453 0.529991762510363 0.483843134992548 0.830348790582282 0.569073814702643
0.357503234250865 0.501756873527984 0.590794692114103 0.542241442248398 0.542613584082602 0.569073814702643
0.50631013113418 0.47235313247386 0.534650165598119 0.367046520480849 0.384359220507779 0.38730061811674
0.370535826461109 0.516458744055046 0.378137168883166 0.561707544667015 0.628934146032506 0.569073814702643
0.609540919260686 0.435598456156206 0.393149066927529 0.308648213224999 0.326812179207843 0.38730061811674
0.570485704795544 0.380466441679725 0.766521002294509 0.483843134992548 0.657707666682474 0.205527421530837
0.614823859488062 0.516458744055046 0.427198020560575 0.259982957178457 0.446701848103151 0.569073814702643
0.650091081699936 0.494405938264453 0.457551443048169 0.542241442248398 0.513840063432635 0.750847011288546
0.582046519459956 0.450300326683268 0.529991762510363 0.581173647085631 0.628934146032506 0.750847011288546
0.434270574170285 0.538511549845638 0.610586798151984 0.571440595876323 0.355585699857811 0.38730061811674
0.64029973822542 0.476028600105626 0.304480866726557 0.405978725318082 0.64332090635749 0.569073814702643
0.288756548883935 0.604669967217416 0.335481867150255 0.561707544667015 0.369972460182795 0.38730061811674
0.499149098020808 0.442949391419737 0.427198020560575 0.464377032573931 0.398745980832763 0.38730061811674
0.50631013113418 0.46500219721033 0.451721697166244 0.444910930155315 0.528226823757619 0.569073814702643
0.546224822675485 0.42457205326091 0.76941534648199 0.405978725318082 0.355585699857811 0.569073814702643
0.650091081699936 0.501756873527984 0.370255216430781 0.337847366852923 0.513840063432635 0.38730061811674
0.570485704795544 0.476028600105626 0.792103726348379 0.405978725318082 0.398745980832763 0.38730061811674
0.587699368680781 0.498081405896218 0.55275102252348 0.493576186201857 0.557000344407587 0.38730061811674
0.587699368680781 0.428247520892676 0.574303477839371 0.367046520480849 0.485066542782667 0.569073814702643
0.682816042259133 0.483379535369157 0.433524888752809 0.29891516201569 0.413132741157747 0.750847011288546
0.327655227982106 0.468677664842095 0.315444746860007 0.47411008378324 0.398745980832763 0.205527421530837
0.404835344867397 0.593643564322119 0.38576048441174 0.444910930155315 0.369972460182795 0.38730061811674
0.614823859488062 0.431922988524441 0.561506077526109 0.561707544667015 0.513840063432635 0.569073814702643
0.659676222320541 0.630398240639773 0.868402807261093 0.493576186201857 0.341198939532827 0.38730061811674
0.434270574170285 0.461326729578564 0.495650987706209 0.600639749504248 0.585773865057554 0.569073814702643
0.709211542912326 0.479704067737391 0.633277995476364 0.289182110806382 0.513840063432635 0.38730061811674
0.394059426849793 0.47235313247386 0.38576048441174 0.639571954341481 0.470679782457683 0.38730061811674
0.614823859488062 0.47235313247386 0.55275102252348 0.620105851922865 0.326812179207843 0.38730061811674
0.64029973822542 0.442949391419737 0.495650987706209 0.571440595876323 0.355585699857811 0.38730061811674
0.288756548883935 0.534836082213873 0.445778720611088 0.639571954341481 0.700867947657426 0.569073814702643
0.194846830246732 0.487055003000922 0.420725650075599 0.620105851922865 0.355585699857811 0.38730061811674
0.357503234250865 0.435598456156206 0.582626894506395 0.483843134992548 0.355585699857811 0.38730061811674
0.614823859488062 0.42457205326091 0.902488702113744 0.435177878946007 0.71525470798241 0.569073814702643
0.570485704795544 0.483379535369157 0.561506077526109 0.542241442248398 0.355585699857811 0.38730061811674
0.194846830246732 0.479704067737391 0.500760213410608 0.59090669829494 0.557000344407587 0.38730061811674
0.593272023452854 0.453975794315033 0.68585166540848 0.513042288620473 0.513840063432635 0.38730061811674
0.730214597087299 0.431922988524441 0.420725650075599 0.250249905969149 0.628934146032506 0.569073814702643
0.614823859488062 0.38414190931149 0.249642174092288 0.561707544667015 0.672094427007458 0.750847011288546
0.659676222320541 0.325334427203244 0.353596808570228 0.571440595876323 0.78718850960733 0.569073814702643
0.664395423432747 0.468677664842095 0.529991762510363 0.444910930155315 0.585773865057554 0.569073814702643
0.659676222320541 0.810496154596279 0.40730096597686 0.454643981364623 0.355585699857811 0.569073814702643
0.76220455407706 0.453975794315033 0.647836130525097 0.35731346927154 0.729641468307394 0.750847011288546
0.659676222320541 0.483379535369157 0.344745509666511 0.376779571690157 0.801575269932314 0.750847011288546
0.520159638254999 0.446624859051503 0.742861449770839 0.454643981364623 0.355585699857811 0.569073814702643
0.50631013113418 0.468677664842095 0.692479694045902 0.444910930155315 0.384359220507779 0.569073814702643
0.609540919260686 0.47235313247386 0.606696359391544 0.347580418062232 0.413132741157747 0.38730061811674
0.415084642394993 0.51278327642328 0.598815286016399 0.376779571690157 0.384359220507779 0.38730061811674
0.659676222320541 0.450300326683268 0.51076421790233 0.211317701131915 0.369972460182795 0.38730061811674
0.650091081699936 0.42457205326091 0.400323350482837 0.337847366852923 0.585773865057554 0.750847011288546
0.382666267521138 0.567915290899761 0.515664795275108 0.318381264434307 0.585773865057554 0.38730061811674
0.650091081699936 0.453975794315033 0.393149066927529 0.41571177652739 0.729641468307394 0.569073814702643
0.576309910635329 0.453975794315033 0.679141291538522 0.59090669829494 0.298038658557875 0.38730061811674
0.730214597087299 0.457651261946799 0.344745509666511 0.405978725318082 0.700867947657426 0.569073814702643
0.659676222320541 0.505432341159749 0.745869901607829 0.542241442248398 0.585773865057554 0.38730061811674
0.261251029114419 0.476028600105626 0.40730096597686 0.863432132155572 0.513840063432635 0.38730061811674
0.682816042259133 0.490730470632688 0.325742248212392 0.172385496294682 0.326812179207843 0.569073814702643
0.415084642394993 0.523809679318576 0.515664795275108 0.493576186201857 0.369972460182795 0.569073814702643
0.50631013113418 0.571590758531527 0.479854936244992 0.35731346927154 0.369972460182795 0.38730061811674
0.46046362571748 0.420896585629145 0.335481867150255 0.600639749504248 0.513840063432635 0.750847011288546
0.62519522439372 0.435598456156206 0.344745509666511 0.396245674108773 0.772801749282346 0.569073814702643
0.673694318093838 0.630398240639773 0.873369980959931 0.396245674108773 0.341198939532827 0.38730061811674
0.558557606575644 0.505432341159749 0.525276194686163 0.444910930155315 0.341198939532827 0.205527421530837
0.576309910635329 0.406194715102083 0.304480866726557 0.41571177652739 0.441906261807715 0.932620207874449
0.309862276521473 0.468677664842095 0.682506963739871 0.707703312806639 0.398745980832763 0.38730061811674
0.404835344867397 0.498081405896218 0.292701593564588 0.717436364015948 0.614547385707522 0.205527421530837
0.576309910635329 0.453975794315033 0.679141291538522 0.59090669829494 0.298038658557875 0.38730061811674
0.696187537504562 0.453975794315033 0.230566143237177 0.328114315643615 0.427519501482731 0.569073814702643
0.576309910635329 0.545862485109169 0.485201954105667 0.425444827736699 0.557000344407587 0.38730061811674
0.59876780297357 0.461326729578564 0.393149066927529 0.444910930155315 0.384359220507779 0.569073814702643
0.558557606575644 0.431922988524441 0.757755854718141 0.483843134992548 0.470679782457683 0.38730061811674
0.288756548883935 0.501756873527984 0.708708501506802 0.717436364015948 0.441906261807715 0.38730061811674
0.288756548883935 0.527485146950342 0.445778720611088 0.843966029736956 0.398745980832763 0.38730061811674
0.558557606575644 0.409870182733848 0.463274193838766 0.464377032573931 0.628934146032506 0.750847011288546
0.327655227982106 0.461326729578564 0.689175783711145 0.707703312806639 0.369972460182795 0.38730061811674
0.564569762244517 0.435598456156206 0.640610594240711 0.444910930155315 0.427519501482731 0.569073814702643
0.404835344867397 0.490730470632688 0.414097251677109 0.571440595876323 0.398745980832763 0.38730061811674
0.394059426849793 0.516458744055046 0.539253433828609 0.522775339829781 0.528226823757619 0.750847011288546
0.570485704795544 0.428247520892676 0.230566143237177 0.542241442248398 0.844735550907266 0.750847011288546
0.370535826461109 0.549537952740934 0.393149066927529 0.483843134992548 0.384359220507779 0.38730061811674
0.394059426849793 0.479704067737391 0.335481867150255 0.610372800713556 0.657707666682474 0.569073814702643
0.650091081699936 0.406194715102083 0.279892395645728 0.41571177652739 0.729641468307394 0.569073814702643
0.682816042259133 0.527485146950342 0.672345424857716 0.464377032573931 0.384359220507779 0.38730061811674
0.50631013113418 0.575266226163292 0.463274193838766 0.464377032573931 0.427519501482731 0.569073814702643
0.635322454543253 0.509107808791515 0.51076421790233 0.707703312806639 0.513840063432635 0.569073814702643
0.394059426849793 0.42457205326091 0.427198020560575 0.600639749504248 0.441906261807715 0.750847011288546
0.476575986158341 0.828873492755106 0.853292108586894 0.347580418062232 0.326812179207843 0.38730061811674
0.468638356162726 0.799469751700983 0.721362237891272 0.464377032573931 0.369972460182795 0.38730061811674
0.288756548883935 0.439273923787972 0.534650165598119 0.386512622899465 0.413132741157747 0.38730061811674
0.564569762244517 0.439273923787972 0.325742248212392 0.405978725318082 0.485066542782667 0.569073814702643
0.635322454543253 0.420896585629145 0.230566143237177 0.513042288620473 0.758414988957362 0.569073814702643
0.526867824585167 0.615696370112712 0.485201954105667 0.337847366852923 0.413132741157747 0.38730061811674
0.194846830246732 0.413545650365614 0.353596808570228 0.629838903132173 0.758414988957362 0.569073814702643
0.194846830246732 0.395168312206787 0.265724012013043 0.367046520480849 0.499453303107651 0.569073814702643
0.194846830246732 0.431922988524441 0.468895632981363 0.659038056760098 0.64332090635749 0.569073814702643
0.382666267521138 0.461326729578564 0.400323350482837 0.659038056760098 0.298038658557875 0.38730061811674
0.552444385034961 0.435598456156206 0.636957975651577 0.522775339829781 0.441906261807715 0.38730061811674
0.669067663815045 0.442949391419737 0.689175783711145 0.513042288620473 0.700867947657426 0.750847011288546
0.309862276521473 0.46500219721033 0.427198020560575 0.53250839103909 0.441906261807715 0.38730061811674
0.62519522439372 0.442949391419737 0.808610626050964 0.600639749504248 0.513840063432635 0.38730061811674
0.64029973822542 0.442949391419737 0.315444746860007 0.396245674108773 0.700867947657426 0.750847011288546
0.452029186579529 0.417221117997379 0.420725650075599 0.513042288620473 0.844735550907266 0.569073814702643
0.74242988207872 0.60099449958565 0.400323350482837 0.250249905969149 0.93105611285717 0.569073814702643
0.404835344867397 0.593643564322119 0.38576048441174 0.444910930155315 0.369972460182795 0.38730061811674
0.533443136057564 1.65585370990233 0.54830210770849 0.347580418062232 0.355585699857811 0.38730061811674
0.533443136057564 0.476028600105626 0.739837764974157 0.464377032573931 0.427519501482731 0.38730061811674
0.424877722796215 0.457651261946799 0.515664795275108 0.746635517643873 0.470679782457683 0.38730061811674
0.194846830246732 0.483379535369157 0.335481867150255 0.678504159178715 0.71525470798241 0.569073814702643
0.533443136057564 0.439273923787972 0.78931141875129 0.551974493457707 0.355585699857811 0.38730061811674
0.309862276521473 0.476028600105626 0.304480866726557 0.834232978527648 0.456293022132699 0.205527421530837
0.533443136057564 0.5532134203727 0.633277995476364 0.337847366852923 0.355585699857811 0.38730061811674
0.443308591452819 0.321658959571478 0.40730096597686 0.620105851922865 0.600160625382538 0.569073814702643
0.659676222320541 0.457651261946799 0.427198020560575 0.328114315643615 0.499453303107651 0.38730061811674
0.309862276521473 0.468677664842095 0.682506963739871 0.707703312806639 0.398745980832763 0.38730061811674
0.194846830246732 0.538511549845638 0.485201954105667 0.551974493457707 0.298038658557875 0.569073814702643
0.645222019232458 0.479704067737391 0.249642174092288 0.289182110806382 0.499453303107651 0.569073814702643
0.194846830246732 0.556888888004465 0.335481867150255 0.610372800713556 0.441906261807715 0.38730061811674
0.261251029114419 0.523809679318576 0.325742248212392 0.53250839103909 0.585773865057554 0.750847011288546
0.570485704795544 0.479704067737391 0.65848357448893 0.483843134992548 0.585773865057554 0.569073814702643
0.520159638254999 0.527485146950342 0.745869901607829 0.289182110806382 0.326812179207843 0.38730061811674
0.593272023452854 0.479704067737391 0.315444746860007 0.454643981364623 0.571387104732571 0.569073814702643
0.558557606575644 0.398843779838552 0.485201954105667 0.47411008378324 0.557000344407587 0.569073814702643
0.593272023452854 0.358413635889133 0.557151836722365 0.454643981364623 0.78718850960733 0.750847011288546
0.635322454543253 0.406194715102083 0.463274193838766 0.47411008378324 0.672094427007458 0.750847011288546
0.343331132906295 0.42457205326091 0.344745509666511 0.697970261597331 0.528226823757619 0.38730061811674
0.443308591452819 0.60099449958565 0.479854936244992 0.834232978527648 0.413132741157747 0.38730061811674
0.288756548883935 0.446624859051503 0.702273764899652 0.503309237411165 0.595365039087102 0.569073814702643
0.343331132906295 0.347387232993836 0.689175783711145 0.736902466434564 0.85912231123225 0.932620207874449
0.630288282077114 0.461326729578564 0.54830210770849 0.707703312806639 0.499453303107651 0.569073814702643
0.394059426849793 0.468677664842095 0.43971564751483 0.629838903132173 0.614547385707522 0.569073814702643
0.552444385034961 0.453975794315033 0.721362237891272 0.513042288620473 0.413132741157747 0.38730061811674
0.476575986158341 0.487055003000922 0.370255216430781 0.47411008378324 0.470679782457683 0.569073814702643
0.609540919260686 0.476028600105626 0.565815193009784 0.64930500555079 0.571387104732571 0.569073814702643
0.669067663815045 0.935462054076303 0.668914392339374 0.347580418062232 0.269265137907907 0.38730061811674
0.382666267521138 0.413545650365614 0.55275102252348 0.600639749504248 0.470679782457683 0.569073814702643
0.593272023452854 0.479704067737391 0.520501304546679 0.659038056760098 0.326812179207843 0.38730061811674
0.669067663815045 0.564239823267996 0.393149066927529 0.464377032573931 0.456293022132699 0.569073814702643
0.546224822675485 0.42457205326091 0.43971564751483 0.41571177652739 0.398745980832763 0.750847011288546
0.434270574170285 0.461326729578564 0.474420957894908 0.785567722481106 0.413132741157747 0.38730061811674
0.721913818889862 0.509107808791515 0.529991762510363 0.201584649922607 0.557000344407587 0.569073814702643
0.194846830246732 0.373115506416194 0.344745509666511 0.678504159178715 0.571387104732571 0.569073814702643
0.558557606575644 0.37679097404796 0.805888137807177 0.133453291457449 0.369972460182795 0.38730061811674
0.564569762244517 0.487055003000922 0.539253433828609 0.53250839103909 0.485066542782667 0.38730061811674
0.424877722796215 0.483379535369157 0.427198020560575 0.551974493457707 0.355585699857811 0.569073814702643
0.194846830246732 0.685530255116255 0.249642174092288 0.678504159178715 0.571387104732571 0.0237542249449341
0.664395423432747 0.564239823267996 0.304480866726557 0.405978725318082 0.672094427007458 0.750847011288546
0.194846830246732 0.38414190931149 0.457551443048169 0.629838903132173 0.772801749282346 0.569073814702643
0.404835344867397 0.476028600105626 0.457551443048169 0.756368568853181 0.557000344407587 0.750847011288546
0.50631013113418 0.490730470632688 0.353596808570228 0.444910930155315 0.427519501482731 0.569073814702643
0.468638356162726 0.545862485109169 0.783690141836567 0.279449059597073 0.341198939532827 0.38730061811674
0.74242988207872 1.70363478911528 0.60277280872273 0.0945210866202155 0.312425418882859 0.569073814702643
0.576309910635329 0.461326729578564 0.529991762510363 0.454643981364623 0.585773865057554 0.569073814702643
0.614823859488062 0.420896585629145 0.534650165598119 0.522775339829781 0.585773865057554 0.569073814702643
0.50631013113418 0.483379535369157 0.682506963739871 0.551974493457707 0.369972460182795 0.38730061811674
0.726080421188228 0.523809679318576 0.505796956810436 0.717436364015948 0.513840063432635 0.38730061811674
0.288756548883935 0.446624859051503 0.370255216430781 0.35731346927154 0.326812179207843 0.205527421530837
0.434270574170285 0.457651261946799 0.468895632981363 0.542241442248398 0.398745980832763 0.569073814702643
0.288756548883935 0.442949391419737 0.315444746860007 0.688237210388023 0.686481187332442 0.750847011288546
0.452029186579529 0.556888888004465 0.451721697166244 0.41571177652739 0.441906261807715 0.38730061811674
0.664395423432747 0.51278327642328 0.529991762510363 0.337847366852923 0.513840063432635 0.38730061811674
0.327655227982106 0.46500219721033 0.420725650075599 0.863432132155572 0.355585699857811 0.569073814702643
0.62004116548373 0.487055003000922 0.590794692114103 0.396245674108773 0.369972460182795 0.38730061811674
0.593272023452854 0.457651261946799 0.534650165598119 0.522775339829781 0.355585699857811 0.38730061811674
0.558557606575644 0.431922988524441 0.757755854718141 0.483843134992548 0.470679782457683 0.38730061811674
0.64029973822542 0.446624859051503 0.582626894506395 0.513042288620473 0.729641468307394 0.569073814702643
0.288756548883935 0.479704067737391 0.68585166540848 0.659038056760098 0.398745980832763 0.569073814702643
0.476575986158341 0.47235313247386 0.578485195773664 0.522775339829781 0.355585699857811 0.38730061811674
0.654908615345698 0.428247520892676 0.525276194686163 0.503309237411165 0.528226823757619 0.569073814702643
0.59876780297357 0.968541262762192 0.711898447498314 0.367046520480849 0.298038658557875 0.569073814702643
0.476575986158341 0.468677664842095 0.43971564751483 0.386512622899465 0.413132741157747 0.569073814702643
0.654908615345698 0.46500219721033 0.370255216430781 0.279449059597073 0.585773865057554 0.38730061811674
0.67827669511313 0.439273923787972 0.335481867150255 0.337847366852923 0.585773865057554 0.932620207874449
0.424877722796215 0.516458744055046 0.797652464916873 0.620105851922865 0.513840063432635 0.38730061811674
0.370535826461109 0.442949391419737 0.400323350482837 0.47411008378324 0.557000344407587 0.569073814702643
0.424877722796215 0.483379535369157 0.640610594240711 0.483843134992548 0.499453303107651 0.569073814702643
0.746441533159018 0.468677664842095 0.400323350482837 0.191851598713299 0.844735550907266 0.569073814702643
0.327655227982106 0.619371837744477 0.570080557728497 0.396245674108773 0.571387104732571 0.569073814702643
0.513310180456712 0.556888888004465 0.702273764899652 0.483843134992548 0.456293022132699 0.38730061811674
0.288756548883935 0.42457205326091 0.40730096597686 0.64930500555079 0.369972460182795 0.569073814702643
0.476575986158341 0.476028600105626 0.468895632981363 0.483843134992548 0.298038658557875 0.569073814702643
0.194846830246732 0.545862485109169 0.38576048441174 0.522775339829781 0.398745980832763 0.38730061811674
0.659676222320541 0.453975794315033 0.378137168883166 0.172385496294682 0.427519501482731 0.750847011288546
0.476575986158341 0.439273923787972 0.427198020560575 0.697970261597331 0.369972460182795 0.569073814702643
0.382666267521138 0.571590758531527 0.420725650075599 0.620105851922865 0.470679782457683 0.38730061811674
0.520159638254999 0.468677664842095 0.614444949438795 0.775834671271798 0.600160625382538 0.569073814702643
0.520159638254999 0.531160614582107 0.505796956810436 0.746635517643873 0.686481187332442 0.569073814702643
0.604189803602638 0.476028600105626 0.574303477839371 0.483843134992548 0.298038658557875 0.569073814702643
0.539893169070957 0.586292629058589 0.692479694045902 0.425444827736699 0.341198939532827 0.38730061811674
0.261251029114419 0.453975794315033 0.40730096597686 0.513042288620473 0.369972460182795 0.569073814702643
0.62519522439372 0.476028600105626 0.420725650075599 0.396245674108773 0.355585699857811 0.569073814702643
0.520159638254999 0.468677664842095 0.427198020560575 0.59090669829494 0.485066542782667 0.569073814702643
0.404835344867397 0.413545650365614 0.557151836722365 0.59090669829494 0.398745980832763 0.38730061811674
0.609540919260686 0.332685362466775 0.265724012013043 0.454643981364623 0.801575269932314 0.750847011288546
0.539893169070957 0.487055003000922 0.699028336502543 0.444910930155315 0.413132741157747 0.569073814702643
0.659676222320541 0.545862485109169 0.822058711318948 0.561707544667015 0.413132741157747 0.38730061811674
0.645222019232458 0.531160614582107 0.433524888752809 0.444910930155315 0.628934146032506 0.569073814702643
0.700566142099701 0.380466441679725 0.362086367694006 0.493576186201857 0.513840063432635 0.750847011288546
0.288756548883935 0.435598456156206 0.495650987706209 0.561707544667015 0.815962030257298 0.569073814702643
0.261251029114419 0.391492844575021 0.457551443048169 0.775834671271798 0.614547385707522 0.569073814702643
0.754378555473651 0.637749175903304 0.325742248212392 0.201584649922607 0.700867947657426 0.750847011288546
0.62519522439372 0.964865795130426 0.315444746860007 0.376779571690157 0.369972460182795 0.569073814702643
0.476575986158341 0.505432341159749 0.708708501506802 0.561707544667015 0.355585699857811 0.38730061811674
0.654908615345698 1.44267658725993 0.353596808570228 0.483843134992548 0.513840063432635 0.38730061811674
0.434270574170285 0.461326729578564 0.495650987706209 0.600639749504248 0.585773865057554 0.569073814702643
0.726080421188228 0.398843779838552 0.55275102252348 0.522775339829781 0.614547385707522 0.569073814702643
0.669067663815045 0.47235313247386 0.427198020560575 0.221050752341223 0.413132741157747 0.569073814702643
0.194846830246732 0.442949391419737 0.529991762510363 0.47411008378324 0.355585699857811 0.38730061811674
0.288756548883935 0.406194715102083 0.505796956810436 0.571440595876323 0.571387104732571 0.569073814702643
0.394059426849793 0.634073708271539 0.445778720611088 0.678504159178715 0.585773865057554 0.205527421530837
0.659676222320541 0.490730470632688 0.644236452638106 0.53250839103909 0.398745980832763 0.38730061811674
0.288756548883935 0.417221117997379 0.485201954105667 0.483843134992548 0.549806964245095 0.569073814702643
0.587699368680781 0.406194715102083 0.325742248212392 0.483843134992548 0.700867947657426 0.750847011288546
0.194846830246732 0.483379535369157 0.292701593564588 0.717436364015948 0.571387104732571 0.38730061811674
0.659676222320541 0.615696370112712 0.344745509666511 0.259982957178457 0.686481187332442 0.569073814702643
0.576309910635329 0.490730470632688 0.848182983498407 0.386512622899465 0.369972460182795 0.38730061811674
0.630288282077114 0.586292629058589 0.479854936244992 0.347580418062232 0.557000344407587 0.38730061811674
0.659676222320541 0.398843779838552 0.304480866726557 0.24051685475984 0.513840063432635 0.750847011288546
0.533443136057564 0.589968096690354 0.586729701465071 0.133453291457449 0.470679782457683 0.38730061811674
0.721913818889862 0.490730470632688 0.38576048441174 0.444910930155315 0.614547385707522 0.750847011288546
0.46046362571748 0.494405938264453 0.468895632981363 0.561707544667015 0.369972460182795 0.750847011288546
0.609540919260686 0.453975794315033 0.534650165598119 0.503309237411165 0.78718850960733 0.750847011288546
0.343331132906295 0.457651261946799 0.420725650075599 0.444910930155315 0.312425418882859 0.38730061811674
0.576309910635329 0.531160614582107 0.692479694045902 0.405978725318082 0.441906261807715 0.38730061811674
0.74242988207872 0.494405938264453 0.40730096597686 0.367046520480849 0.700867947657426 0.38730061811674
0.309862276521473 0.47235313247386 0.292701593564588 0.697970261597331 0.758414988957362 0.38730061811674
0.558557606575644 0.461326729578564 0.827363664519728 0.483843134992548 0.355585699857811 0.38730061811674
0.604189803602638 0.42457205326091 0.570080557728497 0.337847366852923 0.744028228632378 0.750847011288546
0.468638356162726 0.420896585629145 0.400323350482837 0.620105851922865 0.521033443595127 0.750847011288546
0.370535826461109 0.395168312206787 0.249642174092288 0.561707544667015 0.571387104732571 0.205527421530837
0.394059426849793 0.814171622228044 0.362086367694006 0.678504159178715 0.413132741157747 0.205527421530837
0.357503234250865 0.47235313247386 0.500760213410608 0.571440595876323 0.456293022132699 0.569073814702643
0.309862276521473 0.476028600105626 0.525276194686163 0.211317701131915 0.326812179207843 0.38730061811674
0.288756548883935 0.630398240639773 0.797652464916873 0.64930500555079 0.427519501482731 0.38730061811674
0.564569762244517 0.645100111166835 0.60277280872273 0.289182110806382 0.384359220507779 0.38730061811674
0.288756548883935 0.490730470632688 0.445778720611088 0.542241442248398 0.513840063432635 0.569073814702643
0.570485704795544 0.501756873527984 0.529991762510363 0.561707544667015 0.513840063432635 0.750847011288546
0.682816042259133 0.60099449958565 0.249642174092288 0.513042288620473 0.485066542782667 0.205527421530837
0.664395423432747 1.53823874568583 0.485201954105667 0.201584649922607 0.355585699857811 0.38730061811674
0.691770352658906 0.450300326683268 0.230566143237177 0.337847366852923 0.64332090635749 0.569073814702643
0.734317092076905 0.325334427203244 0.689175783711145 0.834232978527648 0.657707666682474 0.569073814702643
0.564569762244517 0.453975794315033 0.525276194686163 0.59090669829494 0.355585699857811 0.569073814702643
0.404835344867397 0.450300326683268 0.586729701465071 0.47411008378324 0.571387104732571 0.569073814702643
0.194846830246732 0.498081405896218 0.520501304546679 0.639571954341481 0.369972460182795 0.38730061811674
0.609540919260686 0.417221117997379 0.445778720611088 0.444910930155315 0.470679782457683 0.38730061811674
0.520159638254999 0.46500219721033 0.463274193838766 0.571440595876323 0.528226823757619 0.569073814702643
0.654908615345698 0.549537952740934 0.71507052222207 0.376779571690157 0.369972460182795 0.38730061811674
0.424877722796215 0.520134211686811 0.427198020560575 0.688237210388023 0.441906261807715 0.38730061811674
0.499149098020808 0.439273923787972 0.393149066927529 0.561707544667015 0.485066542782667 0.38730061811674
0.659676222320541 1.17436745014106 0.757755854718141 0.308648213224999 0.341198939532827 0.38730061811674
0.382666267521138 0.60099449958565 0.525276194686163 0.425444827736699 0.384359220507779 0.569073814702643
0.635322454543253 0.442949391419737 0.618271604032315 0.639571954341481 0.369972460182795 0.38730061811674
0.645222019232458 0.564239823267996 0.265724012013043 0.308648213224999 0.700867947657426 0.750847011288546
0.424877722796215 0.538511549845638 0.420725650075599 0.347580418062232 0.355585699857811 0.38730061811674
0.484296022537757 0.457651261946799 0.490466057396219 0.736902466434564 0.830348790582282 0.569073814702643
0.520159638254999 0.468677664842095 0.427198020560575 0.59090669829494 0.485066542782667 0.569073814702643
0.513310180456712 0.505432341159749 0.71507052222207 0.503309237411165 0.369972460182795 0.38730061811674
0.526867824585167 0.453975794315033 0.539253433828609 0.746635517643873 0.413132741157747 0.569073814702643
0.394059426849793 0.37679097404796 0.451721697166244 0.717436364015948 0.628934146032506 0.38730061811674
0.576309910635329 0.417221117997379 0.479854936244992 0.53250839103909 0.744028228632378 0.750847011288546
0.491815435565857 0.542187017477403 0.702273764899652 0.386512622899465 0.326812179207843 0.38730061811674
0.394059426849793 0.479704067737391 0.414097251677109 0.746635517643873 0.729641468307394 0.38730061811674
0.533443136057564 0.538511549845638 0.445778720611088 0.454643981364623 0.341198939532827 0.569073814702643
0.62519522439372 0.501756873527984 0.485201954105667 0.756368568853181 0.513840063432635 0.569073814702643
0.370535826461109 0.509107808791515 0.515664795275108 0.64930500555079 0.499453303107651 0.569073814702643
0.261251029114419 0.46500219721033 0.362086367694006 0.347580418062232 0.413132741157747 0.38730061811674
0.468638356162726 0.450300326683268 0.353596808570228 0.47411008378324 0.326812179207843 0.569073814702643
0.520159638254999 0.494405938264453 0.557151836722365 0.250249905969149 0.585773865057554 0.569073814702643
0.194846830246732 0.490730470632688 0.457551443048169 0.542241442248398 0.355585699857811 0.38730061811674
0.382666267521138 0.442949391419737 0.400323350482837 0.736902466434564 0.600160625382538 0.569073814702643
0.468638356162726 0.483379535369157 0.733743755415312 0.571440595876323 0.369972460182795 0.38730061811674
0.539893169070957 0.428247520892676 0.515664795275108 0.396245674108773 0.729641468307394 0.569073814702643
0.194846830246732 0.476028600105626 0.463274193838766 0.620105851922865 0.369972460182795 0.38730061811674
0.50631013113418 0.476028600105626 0.742861449770839 0.483843134992548 0.427519501482731 0.38730061811674
0.533443136057564 0.476028600105626 0.816711819771252 0.396245674108773 0.427519501482731 0.38730061811674
0.194846830246732 0.457651261946799 0.570080557728497 0.668771107969406 0.326812179207843 0.38730061811674
0.443308591452819 0.60099449958565 0.479854936244992 0.834232978527648 0.413132741157747 0.38730061811674
0.491815435565857 0.538511549845638 0.766521002294509 0.318381264434307 0.326812179207843 0.38730061811674
0.552444385034961 0.468677664842095 0.610586798151984 0.629838903132173 0.369972460182795 0.569073814702643
0.476575986158341 0.47235313247386 0.682506963739871 0.766101620062489 0.341198939532827 0.569073814702643
0.452029186579529 0.461326729578564 0.495650987706209 0.59090669829494 0.456293022132699 0.38730061811674
0.673694318093838 0.483379535369157 0.414097251677109 0.367046520480849 0.369972460182795 0.38730061811674
0.194846830246732 0.446624859051503 0.55275102252348 0.688237210388023 0.657707666682474 0.569073814702643
0.74242988207872 0.365764571152663 1.15535055044719 0.201584649922607 0.772801749282346 0.750847011288546
0.194846830246732 0.542187017477403 0.614444949438795 0.386512622899465 0.413132741157747 0.38730061811674
0.570485704795544 0.428247520892676 0.292701593564588 0.483843134992548 0.844735550907266 0.750847011288546
0.645222019232458 0.60099449958565 0.370255216430781 0.503309237411165 0.513840063432635 0.38730061811674
0.533443136057564 0.509107808791515 0.858364607706049 0.444910930155315 0.398745980832763 0.38730061811674
0.539893169070957 0.520134211686811 0.565815193009784 0.951029593039347 0.772801749282346 0.750847011288546
0.570485704795544 0.51278327642328 0.766521002294509 0.503309237411165 0.600160625382538 0.38730061811674
0.288756548883935 0.490730470632688 0.445778720611088 0.542241442248398 0.513840063432635 0.569073814702643
0.582046519459956 0.409870182733848 0.292701593564588 0.386512622899465 0.513840063432635 0.569073814702643
0.261251029114419 0.47235313247386 0.479854936244992 0.581173647085631 0.571387104732571 0.569073814702643
0.533443136057564 0.476028600105626 0.816711819771252 0.396245674108773 0.427519501482731 0.38730061811674
0.570485704795544 0.476028600105626 0.578485195773664 0.493576186201857 0.485066542782667 0.38730061811674
0.635322454543253 0.479704067737391 0.618271604032315 0.542241442248398 0.614547385707522 0.38730061811674
0.394059426849793 0.604669967217416 0.505796956810436 0.367046520480849 0.369972460182795 0.38730061811674
0.357503234250865 0.47235313247386 0.468895632981363 0.581173647085631 0.571387104732571 0.38730061811674
0.404835344867397 0.453975794315033 0.570080557728497 0.53250839103909 0.326812179207843 0.38730061811674
0.194846830246732 0.439273923787972 0.344745509666511 0.444910930155315 0.355585699857811 0.569073814702643
0.194846830246732 0.428247520892676 0.598815286016399 0.775834671271798 0.427519501482731 0.38730061811674
0.614823859488062 0.487055003000922 0.618271604032315 0.483843134992548 0.355585699857811 0.38730061811674
0.593272023452854 0.442949391419737 0.733743755415312 0.53250839103909 0.513840063432635 0.38730061811674
0.546224822675485 0.494405938264453 0.622067520950976 0.503309237411165 0.585773865057554 0.569073814702643
